% -------------------------------------------------------------------
%  Generated by MATLAB on 23-Nov-2017 22:26:15
%  MATLAB version: 9.3.0.713579 (R2017b)
% -------------------------------------------------------------------
                                    

vek = [1 5];

i = 2;

